1 -15 -6 4 9 1 -4 -15 -8 -15 -10 -13 8 3 10 -26 9 4 -20 7 5 -2 -13 11 -9 -12 -10 -3 -2 8 9 -23 5 -8 4 1 -6 2 -22 -1 -9 10 -6 -19 -11 5 7 -3 -5 0 12 -20 11 -1 0 3 -5 6 -22 -8 -2 11 4 -15
8 -8 10 8 -11 -15 8 -11 5 8 -6 15 -15 -3 11 9 -14 1 11 -18 0 5 -3 5 -11 2 -15 2 5 -2 4 -14 -11 10 -18 7 0 11 12 -11 -4 -13 -17 4 -2 -9 6 -14 -9 24 -4 10 -14 18 -5 8 10 1 -13 13 -1 -11 -12 -20
-2 6 16 11 5 0 2 -4 -9 1 -4 15 6 10 -8 10 9 -3 9 -5 -3 2 -2 -5 8 -12 6 8 1 9 -41 -6 12 9 -5 -15 -2 7 3 -11 8 -3 -7 -10 -11 6 3 1 2 15 -4 13 -10 -14 -4 -8 4 3 -3 6 -28 -13 2 9
0 5 -15 2 -1 -19 -13 5 -24 -15 -4 16 9 0 0 -7 5 -4 -4 9 7 7 -3 -28 -3 -8 -9 8 -3 -6 4 14 7 7 8 2 6 -4 10 -5 4 -15 8 12 7 2 7 -17 -7 -5 -2 8 -1 -1 1 -13 -11 0 -12 10 4 -10 -7 3
-16 1 -2 -29 -13 8 7 3 5 2 4 -7 6 -22 17 2 -11 -10 -19 4 -11 -16 6 13 -1 11 7 -12 4 5 -4 9 -13 -5 -11 6 -2 -17 -9 6 7 4 -7 6 3 1 -23 2 7 16 13 10 -3 -23 5 6 8 -12 8 -20 -7 2 -10 0
-24 4 -10 8 10 6 -32 8 10 -6 -26 -18 -2 -10 -20 11 8 5 12 0 5 -1 6 -2 -12 -3 -3 -10 6 -14 20 10 -4 -14 -3 -17 -9 20 6 10 7 -6 9 5 -12 -14 0 7 -4 6 -9 -17 -2 15 -5 -14 -10 -4 11 13 10 3 -4 3
11 1 5 -15 -7 10 2 2 14 -9 16 -25 -3 1 14 -28 5 -1 -9 -3 -1 -6 11 -8 7 -15 -11 7 3 8 1 -12 6 6 -22 -19 -22 12 -6 -1 10 3 9 -23 -16 -15 -6 9 6 -14 10 -11 7 11 -3 -9 8 -8 4 -26 0 -1 -7 -24
9 5 -7 6 -9 -17 4 -15 -15 -3 10 23 1 3 0 11 8 -15 -4 5 -26 -21 4 17 -8 9 2 -5 -2 -21 -3 -13 6 20 7 7 9 3 -2 -10 -17 -11 -10 -1 10 -1 4 -7 14 -10 6 -7 -1 -5 -3 9 -12 -18 -8 -1 -6 7 3 11
-7 8 -22 -1 3 13 9 -5 11 12 3 -14 4 -1 -34 -9 -1 11 -4 -6 11 -9 6 -25 9 6 6 -5 0 3 0 5 -1 -14 -8 -7 8 -17 1 1 0 -15 7 8 0 7 4 -1 -29 -29 -18 2 -2 -12 6 -3 3 5 -1 -13 -10 7 3 -17
12 -30 14 -8 -3 -11 -11 1 7 -4 5 -31 0 8 8 -5 -5 -9 -4 -5 -3 -10 -25 -9 0 0 5 3 -4 11 11 6 -20 -36 8 11 0 -22 -18 -6 -5 0 9 2 7 12 7 3 4 -20 -9 -14 -9 -10 3 12 -13 7 8 -6 9 3 3 7
